% this file is generated by RelaxedCexpGenNormSet.mws
function NormalSetExp = GenNormalSetRelaxed

NormalSetExp = [0 0 0 1 0 0 1 0 1 2 0 0 1 0 1 2 0 0 0 1 0 1 2 0 0 1 0; 0 0 1 0 0 1 0 2 1 0 0 1 0 2 1 0 3 0 1 0 2 1 0 0 1 0 0; 0 1 0 0 2 1 1 0 0 0 3 2 2 1 1 1 0 4 3 3 2 2 2 5 4 4 6;];

